#Password
 123 
#Xscale Yscale
 18 28 
#Dao Cha Data
 16 
#X0      Y0    +XA   +YA   +XB   +YB   +XC   +YC   INDEX A_Link    B_Link    C_Link    TYPE      NAME
 144      336  -36    0     36    0     18   -28    1     0         0         0        0         DC2         
 180      280   18    0    -90    0    -18    28    2     0         0         0        0         DC4         
 216      280  -18    0     18    0     72   -56    3     0         4         0        0         DC6         
 252      280  -18    0     54    0     18    28    4     0         0         0        0         DC8         
 288      336  -18   -28    54    0     54    56    5     0         0         0        0         DC10
 486      336   18    0    -54    0    -54    56    6     0         0         0        0         DC12        
 342      448  -36    0     54    0     54    56    7     0         0         0        0         DC14
 730      105    7   -7     14    0      0    5     8     0         0         0        1         DCT1
 864      224  -18    0     54    0     54   -56    9     0         0         0        0         DC1
 828      224   18    0    -54   -56   -18    0     10    0         0         11       0         DC3
 792      224   18    0    -36    0    -18    28    11    0         0         0        0         DC5
 756      280  -36    0     162   0     18   -28    12    0         0         0        0         DC7
 684      280   36    0    -18    0    -72    56    13    0         14        0        0         DC9
 648      280   18    0    -54    0    -18   -28    14    0         0         0        0         DC11
 612      224  -36    0     18    0     18    28    15    0         16        0        0         DC13
 648      224  -18    0     36    0    126   -112   16    0         0         0        0         DC15
#Xin Hao Data
 28
#X0      Y0    DIR   TYPE  HIGH  FORBIDCLR LX_INDEX  DX_INDEX  HIDABLE   T_DX  T_DY  NAME
 90       270   0     1     1     1         1         0        1          0    -13   S
 918      290   1     1     1     1         2         0        1          0     15   X
 342      346   1     1     0     1         3         1        1          0     15   X1
 306      290   1     1     1     1         4         2        1          0     15   XII
 288      234   1     1     1     1         5         3        1          0     15   X3
 612      326   0     1     1     1         6         4        1          0    -13   S1
 594      270   0     1     1     1         7         5        1          0    -13   SII
 576      214   0     1     1     1         8         6        1          0    -13   S3
 108      326   0     2     1     1         0         7        1          0    -13   D2
 198      270   0     2     0     0         0         8        1          0    -13   D4
 180      346   1     2     0     0         0         9        1          0     15   D6
 306      438   0     2     0     0         0         10       1          0    -13   D8
 396      458   1     2     0     0         0         11       1          0     15   D10
 396      514   1     2     0     0         0         12       1          0     15   D12
 342      402   1     2     0     0         0         13       1          0     15   D14
 432      326   0     2     0     0         0         14       1          0    -13   D16
 432      382   0     2     0     0         0         15       1          0    -13   D18
 504      346   1     2     0     0         0         16       1          0     15   D20
 918      234   1     2     1     1         0         17       1          0     15   D1
 918      178   1     2     1     1         0         18       1          0     15   D3
 846      214   0     2     0     0         0         19       1          0    -13   D5
 756      214   0     2     0     0         0         20       1          0    -13   D7
 720      290   1     2     0     0         0         21       1          0     15   D9
 774      122   1     2     1     1         0         22       1          0     15   D11
 684      234   1     2     0     0         0         23       1          0     15   D13
 129      265   0     0     0     0         0         24       0          4     -8   XDZA
 865      265   0     0     0     0         0         25       0          4     -8   SDZA
  32      230   0     2     1     0         0         26       0          4    -14   FS
#Wu Dian Lu Qu Duan Data
 10
#X1      Y1        X2        Y2
 342      392       432       392 
 396      448       468       448
 396      504       468       504
 36       336       54        336
 18       280       36        280
 972      168       990       168
 972      224       990       224
 972      280       990       280
 756      168       774       168
 828      112       846       112
#Wu Cha Qu Duan Data
 14
#X1       Y1    X2    Y2    INDEX X     Y   HIDABLE   CANQGJ CommandID NAME
 342      336   432   336   12    375   324  1          0     82       1BG
 180      336   216   336   13    190   324  1          0     0        2/14WG
 216      336   288   448   13     0     0   1          0     0
 288      448   306   448   13     0     0   1          0     0
 684      224   756   224   14    702   227  1          0     83       5/15WG
 54       336   108   336   15    63    324  1          0     0        D2G
 918      224   972   224   16    939   227  1          0     0        D1G
 918      168   972   168   17    933   156  1          0     0        D3G
 774      112   828   112   18    785   100  1          0     0        D11G
 504      336   612   336   19    546   324  1          0     0        1AG
 306      280   594   280   20    438   268  1          0     0        IIG
 288      224   576   224   21    424   212  1          0     0        3G
 36       280   90    280   22    51    283  1          0     0        YSG
 918      280   972   280   23    933   268  1          0     0        YXG
#Jue Yuan Jie Data
 36
#TYPE    X0        Y0        X1        Y1        X2        Y2
 0        160       306       165       311       165       311
 0        198       277       198       284       198       284
 1        272       306       267       311       267       311
 2        342       396       342       389       339       389
 2        432       389       432       396       435       396
 0        306       445       306       452       306       452
 2        396       452       396       445       393       445
 2        396       508       396       501       393       501
 0        846       221       846       228       846       228
 2        774       165       774       172       777       172 
 0        772       250       777       255       777       255 
 0        720       277       720       284       720       284 
 0        632       250       627       255       627       255 
 0        342       333       342       340       342       340 
 0        432       333       432       340       432       340 
 0        180       333       180       340       180       340
 0        684       221       684       228       684       228
 0        756       221       756       228       756       228 
 2        54        333       54        340       57        340 
 0        108       333       108       340       108       340 
 0        918       221       918       228       918       228 
 2        972       228       972       221       969       221
 0        918       165       918       172       918       172 
 2        972       172       972       165       969       165 
 0        774       109       774       116       774       116 
 2        828       116       828       109       825       109 
 0        504       333       504       340       504       340
 0        612       333       612       340       612       340 
 0        306       277       306       284       306       284 
 0        594       277       594       284       594       284 
 0        288       221       288       228       288       228 
 0        576       221       576       228       576       228 
 2        36        277       36        284       39        284 
 0        90        277       90        284       90        284 
 0        918       277       918       284       918       284
 2        972       284       972       277       969       277 
#Jin Tou Xian Data
 3 
#X     Y     TYPE  DIR
 468  448     0     0
 468  504     0     0
 756  168     0     1
#Ping Mu Han Zi Data
 16
#X            Y             HIDABLE       TEXT
 1             243          1             承
 1             263          1             德
 1             283          1             方
 1             303          1             面
 3             343          1             350军专线
 855           103          1             粮库线
 971           145          1             铜矿线
 947           205          1             714军专线
 1001          244          1             锦
 1001          264          1             州
 1001          284          1             方
 1001          304          1             面
 74            404          0             承德方面
 888           404          0             锦州方面
 935           325          0             ６‰
 695           160          1             安全线
#An Niu Data
 58
 57
#X       Y     TYPE  CommandID Relate1   Relate2   deltaXdeltaYSHOW  HIDABLE   NAME
 74       266  0X01   22        1         0         0      0    0     1        SLA
 922      283  0X01   23        2         0         0      0    0     1        XLA
 346      339  0X01   24        3         0        -12   -17    0     1        X1LA
 310      283  0X01   25        4         0        -16   -17    0     1        XIILA
 292      227  0X01   26        5         0        -12   -17    0     1        X3LA
 596      322  0X01   27        6         0        -12   -17    0     1        S1LA
 578      266  0X01   28        7         0        -16   -17    0     1        SIILA
 560      210  0X01   29        8         0        -12   -17    0     1        S3LA
 34       266  0X21   30        1         0        -4      0    0     1        SYA
 962      283  0X21   31        2         0         0     15    0     1        XYA
 362      339  0X02   34        3         0        -12   -17    0     0        X1DA
 326      283  0X02   35        4         0        -16   -17    0     0        XIIDA
 308      227  0X02   36        5         0        -12   -17    0     0        X3DA
 580      322  0X02   37        6         0        -12   -17    0     0        S1DA
 562      266  0X02   38        7         0        -16   -17    0     0        SIIDA
 544      210  0X02   39        8         0        -12   -17    0     0        S3DA
 92       322  0X02   40        9         0        -8    -17    0     0        D2A
 182      266  0X02   41        10        0        -8    -17    0     0        D4A
 184      339  0X02   42        11        0        -8    -17    0     0        D6A
 290      434  0X02   43        12        0        -8    -17    0     0        D8A
 400      451  0X02   44        13        0        -12   -17    0     0        D10A
 400      507  0X02   45        14        0        -12   -17    0     0        D12A
 346      395  0X02   46        15        0        -12   -17    0     0        D14A
 416      322  0X02   47        16        0        -12   -17    0     0        D16A
 416      378  0X02   48        17        0        -12   -17    0     0        D18A
 508      339  0X02   49        18        0        -12   -17    0     0        D20A
 922      227  0X02   50        19        0        -8    -17    0     0        D1A
 922      171  0X02   51        20        0        -8    -17    0     0        D3A
 830      210  0X02   52        21        0        -8    -17    0     0        D5A
 740      210  0X02   53        22        0        -8    -17    0     0        D7A
 724      283  0X02   54        23        0        -8    -17    0     0        D9A
 778      115  0X02   55        24        0        -12   -17    0     0        D11A
 688      227  0X02   56        25        0        -12   -17    0     0        D13A
 129      265  0X02   57        0         0         4    -8     1     1        XDZA
 865      265  0X02   58        0         0         4    -8     1     1        SDZA
 58       266  0X01   32        1         0        -8    -17    0     1        STA
 938      283  0X01   33        2         0        -8    -17    0     1        XTA
 29       36   0x03   59        1         2         4    -8    1     0         2/4
 79       36   0x03   60        3         0         4    -8    1     0         6
 129      36   0x03   61        4         0         4    -8    1     0         8
 179      36   0x03   62        5         0         4    -8    1     0         10
 229      36   0x03   63        6         0         4    -8    1     0         12
 279      36   0x03   64        7         0         4    -8    1     0         14
 987      36   0x03   66        9         0         4    -8    1     0         1
 937      36   0x03   67        10        0         4    -8    1     0         3
 887      36   0x03   68        11        12        4    -8    1     0         5/7
 837      36   0x03   69        13        0         4    -8    1     0         9
 787      36   0x03   70        14        15        4    -8    1     0         11/13
 737      36   0x03   65        16        8         4    -8    1     0         15/T1
 47       455  0X07   16        0         0         4     20    1     0        SBSA
 103      455  0X27   17        0         0         4     20    1     0        SSGA
 154      455  0X07   18        0         0         4     20    1     0        SFUA
 968      455  0X07   19        0         0         4     20    1     0        XBSA
 917      455  0X27   20        0         0         4     20    1     0        XSGA
 861      455  0X07   21        0         0         4     20    1     0        XFUA
 140      115  0x07   84        0         0         4     20    1     0        SGHA
 580      115  0x07   85        0         0         4     20    1     0        XGHA
#Dao Cha An Niu Data
 16 
#X            Y             TEXT          QD_INDEX      CommandID     QDNAME
 140           341          2              1             71           2DG
 172           268          4              2             72           4DG
 212           285          6              3             73           6-8DG
 248           268          8              3             73           6-8DG
 268           336          10             4             74           10DG
 478           324          12             5             75           12DG
 334           436          14             6             76           14DG
 748           100          T1             7             77           13-15DG
 860           229          1              8             78           1DG
 824           229          3              9             79           3-5DG
 788           212          5              9             79           3-5DG
 752           285          7              10            80           7DG
 680           268          9              11            81           9-11DG
 640           285          11             11            81           9-11DG
 608           212          13             7             77           13-15DG
 640           229          15             7             77           13-15DG
#Fang Hu Dao Cha Data
570   450
 2
#INDEX        QD_INDEX      FHDIR
 8            7             1
 10           9             1
#Qu Duan Map Data
 11
#Index       iPrDC
 1             0 
 2             1 
 3             2 
 4             4 
 5             5 
 6             6 
 7             14
 8             8 
 9             9 
 10            11 
 11            12 
#Dao Cha Jiao Cha Huan Wei Data
 0
#DC1           DWZG1         DC2         DWZG2
#Biao Shi Deng Data
 6
#Type   X     Y    Dir  Index   Xt   Yt   Hiable Text
 7    154    430    0     1    154  445     0     JC
 8     54    430    1     1     54  445     0     FC
 7    868    430    1     2    868  445     0     JC
 8    968    430    0     2    968  445     0     FC
20     80    120    0    21     80  135     0     SZFMD
20    640    120    0    22    640  135     0     XZFMD
#Zi Mian Ban Pan Kuang Data
 2
#Left  Top  Right  Botton
 30            390           180           490
 844           390           994           490
#Qian Fen Zhi Liu Data
 1
#Dir          X             Y
  1          930           320
#Fang Xiang Biao Data
 3
#X     Y  Type
432  224   3
450  280   3
556  336   3
#Station Name Image
1
# X      Y         Name
 410    40     XSG.BMP
# The End #
