#Password
 123 
#Xscale       Yscale
 13            28 
#Dao Cha Data
 36 
#X0      Y0    +XA   +YA   +XB   +YB   +XC   +YC   INDEX A_Link    B_Link    C_Link    TYPE      NAME
 234      392  -39    0     13    0     13    28    1     0         5         0        0         DC2         
 260      448   13    0    -13    0    -13   -28    2     0         4         0        0         DC4         
 208      504  -13    0     26    0     13   -28    3     13        0         0        0         DC6         
 234      448   13    0    -26    0    -13    28    4     0         0         0        0         DC8         
 260      392  -13    0     39    0     117  -168   5     0         0         0        0         DC10        
 299      448  -26    0     13    0     13    28    6     0         8         0        0         DC12        
 325      504   52    0    -26    0    -13   -28    7     0         0         0        0         DC14        
 325      448  -13    0     52    0     13   -28    8     0         0         0        0         DC16        
 351      392   26    0    -52    0    -13    28    9     0         0         0        0         DC18        
 442      392  -13    0     13    0     91   -112   10    0         11        0        0         DC20        
 468      392  -13    0     52    0     65   -56    11    0         0         0        0         DC22        
 143      504   13    0    -26    0    -52    56    12    0         0         0        0         DC24        
 182      504  -26    0     13    0     52    56    13    0         0         0        0         DC26        
 52       504  -13    0     26    0     39    56    14    0         0         0        0         DC91        
 1053     392   13    0    -26    0    -13    28    15    0         0         0        0         DC1         
 1027     448  -13    0     78    0     13   -28    16    0         0         0        0         DC3         
 1014     392   13    0    -39    0    -26   -56    17    0         0         0        0         DC5         
 962      280  -13    0     39    0     26    56    18    0         0         0        0         DC7         
 988      448  -13    0     26    0     13    28    19    0         16        0        0         DC9         
 1014     504   26    0    -26    0    -13   -28    20    0         0         0        0         DC11        
 975      504   13    0    -26    0    -52    112   21    0         29        0        0         DC13        
 962      448   13    0    -13    0    -13   -28    22    0         24        0        0         DC15        
 936      392  -65    0     39    0     13    28    23    0         0         0        0         DC17        
 936      448   13    0    -52    0    -13    28    24    0         0         0        0         DC19        
 910      504  -26    0     13    0     13   -28    25    0         0         0        0         DC21        
 806      392   65    0    -52    0    -26   -56    26    0         0         27       0         DC23        
 767      336   13    0    -52    0    -26   -56    27    0         0         0        0         DC25        
 858      504   26    0    -39    0    -52    56    28    0         0         0        0         DC27        
 936      504   13    0    -13    0    -39    56    29    0         0         0        0         DC29        
 910      616   13    0    -39    0    -52    56    30    0         0         0        0         DC31        
 728      560  -13    0     26    0     52    56    31    0         0         0        0         DC33        
 689      504  -26    0     39    0     26    56    32    0         0         31        0         DC35        
 936      280   13    0    -13    0    -39    56    33    0         34        0        0         DC37        
 910      280   13    0    -26    0    -39   -56    34    0         0         0        0         DC39        
 871      280   13    0    -26    0    -39    56    35    0         0         0        0         DC41        
 728      280   13    0    -52    0    -39   -56    36    0         0         0        0         DC43        
#Xin Hao Data
 48
#X0      Y0    DIR   TYPE  HIGH  FORBIDCLR LX_INDEX  DX_INDEX  HIDABLE   T_DX  T_DY  NAME
 143      382   0     1     1     1         1         0        1          0    -13   S
 143      458   0     1     1     1         2         0        1          0     15   SF
 1105     382   1     1     1     1         3         0        1          0    -13   XF
 1105     458   1     1     1     1         4         0        1          0     15   X
 377      458   1     1     0     1         5         1        1          0     15   XI
 520      402   1     1     0     1         6         2        1          0     15   XII
 377      514   1     1     0     1         7         3        1          0     15   X3
 533      346   1     1     0     1         8         4        1          0     15   X4
 533      290   1     1     0     1         9         5        1          0     15   X6
 377      234   1     1     1     1         10        6        1          0     15   X8
 884      438   0     1     0     1         11        7        1          0    -13   SI
 754      382   0     1     1     1         12        8        1          0    -13   SII
 819      494   0     1     0     1         13        9        1          0    -13   S3
 715      326   0     1     0     1         14        10       1          0    -13   S4
 676      270   0     1     0     1         15        11       1          0    -13   S6
 806      550   0     1     0     1         16        12       1          0    -13   S7
 689      214   0     1     0     1         17        13       1          0    -13   S8
 195      382   0     2     1     0         0         14       1          0    -13   D2
 208      438   0     2     1     0         0         15       1          0    -13   D4
 299      382   0     2     1     0         0         16       1          0    -13   D6
 273      438   0     2     0     0         0         17       1          0    -13   D8
 429      382   0     2     0     0         0         18       1          0    -13   D10
 91       550   0     2     0     0         0         19       1          0    -13   D12
 117      494   0     2     0     0         0         20       1          0    -13   D14
 156      514   1     2     0     0         0         21       1          0     15   D16
 234      514   1     2     0     0         0         22       1          0     15   D18
 299      494   0     2     0     0         0         23       1          0    -13   D20
 1066     402   1     2     0     0         0         24       1          0     15   D1
 1040     514   1     2     1     0         0         25       1          0     15   D3
 1027     402   1     2     1     0         0         26       1          0     15   D5
 988      514   1     2     1     0         0         27       1          0     15   D7
 975      458   1     2     0     0         0         28       1          0     15   D9
 975      382   0     2     0     0         0         29       1          0    -13   D11
 949      290   1     2     0     0         0         30       1          0     15   D13
 897      550   0     2     1     0         0         31       1          0    -13   D15
 871      606   0     2     0     0         0         32       1          0    -13   D17
 858      662   0     2     0     0         0         33       1          0    -13   D19
 871      402   1     2     0     0         0         34       1          0     15   D21
 897      346   0     2     0     0         0         35       1          0     15   D23
 871      214   0     2     0     0         0         36       1          0    -13   D25
 884      514   1     2     0     0         0         37       1          0     15   D27
 832      326   0     2     0     0         0         38       1          0    -13   D29
 845      270   0     2     0     0         0         39       1          0    -13   D31
 754      570   1     2     0     0         0         40       1          0     15   D33
 780      626   1     2     0     0         0         41       1          0     15   D35
 728      514   1     2     0     0         0         42       1          0     15   D37
 663      494   0     2     0     0         0         43       1          0    -13   D39
 1089     426   0     0     0     0         0         44       0          4     -5   SDZA
#Wu Dian Lu Qu Duan Data
 11 
#X1      Y1        X2        Y2
 234      560       247       560 
 26       504       39        504 
 819      616       832       616 
 780      280       793       280 
 858      336       871       336 
 1001     280       1014      280 
 1079     504       1092      504 
 845      560       858       560 
 806      672       819       672 
 819      224       832       224 
 793      336       806       336 
#Wu Cha Qu Duan Data
 31 
#X1      Y1    X2    Y2    INDEX X     Y     HIDABLE   CANQGJCommandID NAME
 143      448   208   448   26    163   436  1          1     145      IBG
 143      392   195   392   27    153   395  1          1     146      IIBG
 234      504   299   504   28    247   492  1          1     147      6/14G
 377      392   429   392   29    369   380  1          1     148      18/20G
 1066     392   1105  392   30    1085  395  1          1     149      IIAG
 728      504   819   504   31    749   507  1          1     150      27/35G
 78       504   117   504   32    81    507  1          1     151      D14G
 1040     504   1079  504   33    1047  492  1          0     0        D3G
 858      560   897   560   34    861   563  1          0     0        D15G
 832      616   871   616   35    835   619  1          0     0        D17G
 819      672   858   672   36    823   675  1          0     0        D19G
 871      336   897   336   37    868   324  1          0     0        D23G
 832      224   871   224   38    835   227  1          0     0        D25G
 806      336   832   336   39    803   339  1          0     0        D29G
 793      280   845   280   40    793   268  1          0     0        D31G
 780      616   819   616   41    783   604  1          0     0        D35G
 377      448   884   448   42    623   436  1          0     0        IG
 520      392   754   392   43    625   380  1          0     0        IIG
 377      504   663   504   44    512   492  1          0     0        3G
 533      336   715   336   45    626   339  1          0     0        4G
 533      280   676   280   46    621   283  1          0     0        6G
 377      224   689   224   47    525   212  1          0     0        8G
 754      560   806   560   48    772   563  1          0     0        7G
 52       392   104   392   49    62    395  1          0     0        S1JG
 104      392   143   392   50    107   395  1          0     0        S2JG
 52       448   104   448   51    58    436  1          0     0        X2LQ
 104      448   143   448   52    103   436  1          0     0        X1LQ
 1157     448   1196  448   53    1161  436  1          0     0        X1JG
 1105     448   1157  448   54    1115  436  1          0     0        X2JG
 1157     392   1196  392   55    1157  395  1          0     0        S2LQ
 1105     392   1157  392   56    1111  395  1          0     0        S1LQ
#Jue Yuan Jie Data
 82 
#TYPE    X0        Y0        X1        Y1        X2        Y2
 0        249       418       244       423       244       423 
 0        219       474       224       479       224       479 
 0        273       445       273       452       273       452 
 0        314       474       309       479       309       479 
 0        299       389       299       396       299       396 
 0        336       418       341       423       341       423 
 0        156       501       156       508       156       508 
 2        234       564       234       557       231       557 
 2        39        501       39        508       42        508 
 0        91        557       91        564       91        564 
 0        1038      418       1043      423       1043      423 
 0        1027      389       1027      396       1027      396 
 2        1001      284       1001      277       998       277 
 0        990       334       985       339       985       339 
 0        1003      474       998       479       998       479 
 0        988       501       988       508       988       508 
 0        975       445       975       452       975       452 
 0        975       389       975       396       975       396 
 0        951       418       946       423       946       423 
 0        921       474       926       479       926       479 
 0        871       389       871       396       871       396 
 0        884       501       884       508       884       508 
 1        923       501       923       508       923       508 
 1        923       613       923       620       923       620 
 0        949       277       949       284       949       284 
 1        884       277       884       284       884       284 
 1        741       277       741       284       741       284 
 0        208       445       208       452       208       452 
 0        195       389       195       396       195       396 
 0        234       501       234       508       234       508 
 0        299       501       299       508       299       508 
 0        377       389       377       396       377       396 
 0        429       389       429       396       429       396 
 0        1066      389       1066      396       1066      396 
 0        728       501       728       508       728       508 
 0        819       501       819       508       819       508 
 0        78        501       78        508       78        508 
 0        117       501       117       508       117       508 
 0        1040      501       1040      508       1040      508 
 2        1079      508       1079      501       1076      501 
 2        858       557       858       564       861       564 
 0        897       557       897       564       897       564 
 2        832       613       832       620       835       620 
 0        871       613       871       620       871       620 
 2        819       669       819       676       822       676 
 0        858       669       858       676       858       676 
 2        871       333       871       340       874       340 
 0        897       333       897       340       897       340 
 2        832       221       832       228       835       228 
 0        871       221       871       228       871       228 
 2        806       333       806       340       809       340 
 0        832       333       832       340       832       340 
 2        793       277       793       284       796       284 
 0        845       277       845       284       845       284 
 0        780       613       780       620       780       620 
 2        819       620       819       613       816       613 
 0        377       445       377       452       377       452 
 0        884       445       884       452       884       452 
 0        520       389       520       396       520       396 
 0        754       389       754       396       754       396 
 0        377       501       377       508       377       508 
 0        663       501       663       508       663       508 
 0        533       333       533       340       533       340 
 0        715       333       715       340       715       340 
 0        533       277       533       284       533       284 
 0        676       277       676       284       676       284 
 0        377       221       377       228       377       228 
 0        689       221       689       228       689       228 
 0        754       557       754       564       754       564 
 0        806       557       806       564       806       564 
 0        52        389       52        396       52        396 
 0        104       389       104       396       104       396 
 0        143       389       143       396       143       396 
 0        52        445       52        452       52        452 
 0        104       445       104       452       104       452 
 0        143       445       143       452       143       452 
 0        1196      445       1196      452       1196      452 
 0        1105      445       1105      452       1105      452 
 0        1157      445       1157      452       1157      452 
 0        1196      389       1196      396       1196      396 
 0        1105      389       1105      396       1105      396 
 0        1157      389       1157      396       1157      396 
#Jin Tou Xian Data
 0 
#X   Y     TYPE  DIR
#Ping Mu Han Zi Data
 1 
#X            Y             HIDABLE       TEXT
 450           40           0             遵化北站
#An Niu Data
 92
 96 
#X       Y     TYPE  CommandID Relate1   Relate2   deltaXdeltaYSHOW  HIDABLE   NAME
 127      378  0X01   24        1         0        -8    -17    0     1        SLA
 127      451  0X01   25        2         0        -12   -17    0     1        SFLA
 1109     378  0X01   26        3         0        -12   -17    0     1        XFLA
 1109     451  0X01   27        4         0        -8    -17    0     1        XLA
 381      451  0X01   28        5         0        -12   -17    0     1        XILA
 524      395  0X01   29        6         0        -16   -17    0     1        XIILA
 381      507  0X01   30        7         0        -12   -17    0     1        X3LA
 537      339  0X01   31        8         0        -12   -17    0     1        X4LA
 537      283  0X01   32        9         0        -12   -17    0     1        X6LA
 381      227  0X01   33        10        0        -12   -17    0     1        X8LA
 868      434  0X01   34        11        0        -12   -17    0     1        SILA
 738      378  0X01   35        12        0        -16   -17    0     1        SIILA
 803      490  0X01   36        13        0        -12   -17    0     1        S3LA
 699      322  0X01   37        14        0        -12   -17    0     1        S4LA
 660      266  0X01   38        15        0        -12   -17    0     1        S6LA
 790      546  0X01   39        16        0        -12   -17    0     1        S7LA
 673      210  0X01   40        17        0        -12   -17    0     1        S8LA
 111      378  0X01   41        1         0        -8    -17    0     1        STA
 111      451  0X01   42        2         0        -12   -17    0     1        SFTA
 1125     378  0X01   43        3         0        -12   -17    0     1        XFTA
 1125     451  0X01   44        4         0        -8    -17    0     1        XTA
 87       378  0X21   45        1         0        -8    -17    0     1        SYA
 87       451  0X21   46        2         0        -12   -17    0     1        SFYA
 1149     378  0X21   47        3         0        -12   -17    0     1        XFYA
 1149     451  0X21   48        4         0        -8    -17    0     1        XYA
 397      451  0X02   49        1         0        -12   -17    0     0        XIDA
 540      395  0X02   50        2         0        -16   -17    0     0        XIIDA
 397      507  0X02   51        3         0        -12   -17    0     0        X3DA
 553      339  0X02   52        4         0        -12   -17    0     0        X4DA
 553      283  0X02   53        5         0        -12   -17    0     0        X6DA
 397      227  0X02   54        6         0        -12   -17    0     0        X8DA
 852      434  0X02   55        7         0        -12   -17    0     0        SIDA
 722      378  0X02   56        8         0        -16   -17    0     0        SIIDA
 787      490  0X02   57        9         0        -12   -17    0     0        S3DA
 683      322  0X02   58        10        0        -12   -17    0     0        S4DA
 644      266  0X02   59        11        0        -12   -17    0     0        S6DA
 774      546  0X02   60        12        0        -12   -17    0     0        S7DA
 657      210  0X02   61        13        0        -12   -17    0     0        S8DA
 179      378  0X02   62        14        0        -8    -17    0     0        D2A
 192      434  0X02   63        15        0        -8    -17    0     0        D4A
 283      378  0X02   64        16        0        -8    -17    0     0        D6A
 257      434  0X02   65        17        0        -8    -17    0     0        D8A
 413      378  0X02   66        18        0        -12   -17    0     0        D10A
 75       546  0X02   67        19        0        -12   -17    0     0        D12A
 101      490  0X02   68        20        0        -12   -17    0     0        D14A
 160      507  0X02   69        21        0        -12   -17    0     0        D16A
 238      507  0X02   70        22        0        -12   -17    0     0        D18A
 283      490  0X02   71        23        0        -12   -17    0     0        D20A
 1070     395  0X02   72        24        0        -8    -17    0     0        D1A
 1044     507  0X02   73        25        0        -8    -17    0     0        D3A
 1031     395  0X02   74        26        0        -8    -17    0     0        D5A
 992      507  0X02   75        27        0        -8    -17    0     0        D7A
 979      451  0X02   76        28        0        -8    -17    0     0        D9A
 959      378  0X02   77        29        0        -12   -17    0     0        D11A
 953      283  0X02   78        30        0        -12   -17    0     0        D13A
 881      546  0X02   79        31        0        -12   -17    0     0        D15A
 855      602  0X02   80        32        0        -12   -17    0     0        D17A
 842      658  0X02   81        33        0        -12   -17    0     0        D19A
 875      395  0X02   82        34        0        -12   -17    0     0        D21A
 881      339  0X02   83        35        0        -12   -17    0     0        D23A
 855      210  0X02   84        36        0        -12   -17    0     0        D25A
 888      507  0X02   85        37        0        -12   -17    0     0        D27A
 816      322  0X02   86        38        0        -12   -17    0     0        D29A
 829      266  0X02   87        39        0        -12   -17    0     0        D31A
 758      563  0X02   88        40        0        -12   -17    0     0        D33A
 784      619  0X02   89        41        0        -12   -17    0     0        D35A
 732      507  0X02   90        42        0        -12   -17    0     0        D37A
 647      490  0X02   91        43        0        -12   -17    0     0        D39A
 1089     426  0X02   92        44        0         4    -5    1     1        SDZA
 27       36   0x03   93        1         2         4    -8    1     0         2/4
 77       36   0x03   94        3         4         4    -8    1     0         6/8
 127      36   0x03   95        5         0         4    -8    1     0         10
 177      36   0x03   96        6         7         4    -8    1     0         12/14
 227      36   0x03   97        8         9         4    -8    1     0         16/18
 27       86   0x03   98        10        0         4    -8    1     0         20
 77       86   0x03   99        11        0         4    -8    1     0         22
 127      86   0x03   100       12        0         4    -8    1     0         24
 177      86   0x03   101       13        0         4    -8    1     0         26
 227      86   0x03   102       14        0         4    -8    1     0         91
 993      36   0x03   103       15        16        4    -8    1     0         1/3
 1043     36   0x03   104       17        18        4    -8    1     0         5/7
 1093     36   0x03   105       19        20        4    -8    1     0         9/11
 1143     36   0x03   106       21        0         4    -8    1     0         13
 1193     36   0x03   107       22        23        4    -8    1     0         15/17
 1243     36   0x03   108       24        25        4    -8    1     0         19/21
 993      86   0x03   109       26        0         4    -8    1     0         23
 1043     86   0x03   110       27        0         4    -8    1     0         25
 1093     86   0x03   111       28        0         4    -8    1     0         27
 1143     86   0x03   112       29        0         4    -8    1     0         29
 1193     86   0x03   113       30        0         4    -8    1     0         31
 1243     86   0x03   114       31        0         4    -8    1     0         33
 993      136  0x03   115       32        0         4    -8    1     0         35
 1043     136  0x03   116       33        0         4    -8    1     0         37
 1093     136  0x03   117       34        0         4    -8    1     0         39
 1143     136  0x03   118       35        0         4    -8    1     0         41
 1193     136  0x03   119       36        0         4    -8    1     0         43
#Dao Cha An Niu Data
 36 
#X            Y             TEXT          QD_INDEX      CommandID     QDNAME
 230           380          2              1             120          2_10DG     
 256           453          4              2             121          4_8DG      
 204           509          6              3             122          6_26DG     
 230           436          8              2             121          4_8DG      
 252           397          10             1             120          2_10DG     
 291           436          12             4             123          12_16DG    
 317           509          14             5             124          14DG       
 317           453          16             4             123          12_16DG    
 343           380          18             6             125          18DG       
 434           397          20             7             126          20_22DG    
 460           397          22             7             126          20_22DG    
 135           492          24             8             127          24DG       
 174           492          26             3             122          6_26DG     
 44            492          91             9             128          91DG       
 1049          380          1              10            129          1DG        
 1023          453          3              11            130          3_9DG      
 1000          397          5              12            131          5DG        
 958           268          7              13            132          7DG        
 984           436          9              11            130          3_9DG      
 1006          509          11             14            133          11DG       
 967           492          13             15            134          13_29DG    
 944           453          15             16            135          15_19DG    
 928           380          17             17            136          17DG       
 928           436          19             16            135          15_19DG    
 902           509          21             18            137          21DG       
 798           397          23             19            138          23_25DG    
 759           341          25             19            138          23_25DG    
 850           492          27             20            139          27DG       
 928           492          29             15            134          13_29DG    
 902           604          31             21            140          31DG       
 720           548          33             22            141          33_35DG    
 681           492          35             22            141          33_35DG    
 928           268          37             23            142          37_39DG    
 902           285          39             23            142          37_39DG    
 863           268          41             24            143          41DG       
 720           285          43             25            144          43DG       
#Fang Hu Dao Cha Data
0    0
 0 
#INDEX        QD_INDEX      FHDIR
#Qu Duan Map Data
 25 
#Index       iPrDC
 1             0 
 2             1 
 3             2 
 4             5 
 5             6 
 6             8 
 7             9 
 8             11 
 9             13 
 10            14 
 11            18
 12            16 
 13            17 
 14            19 
 15            20 
 16            21 
 17            22 
 18            24 
 19            25 
 20            27 
 21            29 
 22            31
 23            32 
 24            34 
 25            35 
#Dao Cha Jiao Cha Huan Wei Data
 0 
#DC1           DWZG1         DC2         DWZG2
#Biao Shi Deng Data
 15
#Type X  Y  Dir Index Xt  Yt Hiable Text
100  420  120  0   0   420   135   0  非常站控
100  520  120  0   1   520   135   0  允许转为自律
100  620  120  0   2   620   135   0  自律模式
10   360   620  0     2   360   635     0    SJQD
11   420   620  0     2   420   635     0    SFZD
10   360   580  0     5   360   595     0    SFJQD
11   420   580  0     5   420   595     0    SFFZD
10   1020   620  0    8   1020   635   0  XFJQD
11   1080   620  0    8   1080   635   0  XFFZD
10   1020   580  0    11  1020   595   0  XJQD
11   1080   580  0    11   1080   595   0  XFZD
 9   60  380  0    1    0     0    0
 9   60  462  0    4    0     0    0
 9   1180  380  1    7    0     0    0
 9   1180  462  1    10    0     0    0

#Zi Mian Ban Pan Kuang Data
 0 
#Left  Top  Right  Botton
#Qian Fen Zhi Liu Data
 0 
#Dir          X             Y
#Fang Xiang Biao Data
 0 
#X  Y  Type
#Station Name Image
 0 
#X  Y  Name
# The End #
