#Password
 123 
#Xscale       Yscale
 16            28 
#Dao Cha Data
 36 
#X0      Y0    +XA   +YA   +XB   +YB   +XC   +YC   INDEX A_Link    B_Link    C_Link    TYPE      NAME
 1072     280   16    0    -32    0    -16    28    1     0         0         0        0         DC1         
 1040     336  -32    0     64    0     16   -28    2     0         0         0        0         DC3         
 1072     448   16    0    -32    0    -16   -28    3     0         0         0        0         DC5         
 1040     392  -16    0     64    0     16    28    4     0         0         0        0         DC7         
 992      336   16    0    -16    0    -16    28    5     8         0         0        0         DC9         
 960      392  -16    0     16    0     16   -28    6     7         0         0        0         DC11        
 992      392   32    0    -16    0    -16   -28    7     0         0         0        0         DC13        
 960      336  -32    0     16    0     16    28    8     0         0         0        0         DC15        
 912      392   32    0    -64    0    -16    28    9     0         13        0        0         DC17        
 880      448  -32    0     32    0     16   -28    10    0         0         0        0         DC19        
 896      336   32    0    -96    0    -16   -28    11    0         0         0        0         DC21        
 864      280  -32    0     48    0     16    28    12    0         0         0        0         DC23        
 768      392   80    0    -48    0    -16    28    13    0         0         0        0         DC25        
 736      448  -32    0     48    0     16   -28    14    0         0         0        0         DC27        
 832      448   16    0    -48    0    -80    112   15    0         0         20       0         DC29        
 800      224   32    0    -16    0    -16    28    16    19        0         0        0         DC31        
 768      280  -64    0     16    0     16   -28    17    18        0         0        0         DC33        
 800      280   32    0    -16    0    -16   -28    18    0         0         0        0         DC35        
 768      224  -16    0     16    0     16    28    19    0         0         0        0         DC37        
 736      560   16    0    -32    0    -16    28    20    0         0         0        0         DC39        
 704      616  -16    0     48    0     16   -28    21    0         0         0        0         DC41        
 720      224   32    0    -48    0    -16   -28    22    0         0         0        0         DC43        
 688      168  -32    0     32    0     16    28    23    0         0         0        0         DC45        
 544      224  -16    0     32    0     48   -56    24    0         0         0        0         DC47        
 608      560   32    0    -96    0    -48   -56    25    0         0         0        0         DC49        
 576      448   16    0    -64    0    -16    28    26    0         0         0        0         DC51        
 544      504  -32    0     16    0     16   -28    27    0         0         0        0         DC53        
 224      336  -64    0     48    0     16    28    28    0         0         0        0         DC2         
 256      392   16    0    -16    0    -16   -28    29    0         0         0        0         DC4         
 288      392  -16    0     16    0     16   -28    30    0         33        0        0         DC6         
 320      336   16    0    -48    0    -16    28    31    32        0         0        0         DC8         
 352      336  -16    0     48    0     32   -56    32    0         0         0        0         DC10        
 320      392  -16    0     48    0     16    28    33    0         0         0        0         DC12        
 352      448   16    0    -32    0    -16   -28    34    0         0         0        0         DC14        
 400      280  -16    0     48    0     64   -56    35    0         0         0        0         DC16        
 384      448  -16    0     48    0     80    112   36    0         0         0        0         DC18        
#Xin Hao Data
 43
#X0      Y0    DIR   TYPE  HIGH  FORBIDCLR LX_INDEX  DX_INDEX  HIDABLE   T_DX  T_DY  NAME
 1136     458   1     1     1     1         1         0        1          0     15   XJ
 1104     402   1     1     1     1         2         0        1          0     15   X
 1104     346   1     1     1     1         3         0        1          0     -22   XN
 1152     290   1     1     1     1         4         0        1          0     -22   XJN
 160      382   0     1     1     1         5         0        1          0     -13   SN
 160      326   0     1     1     1         6         0        1          0     -13   S
 720      382   0     1     0     1         7         1        1          0     -13   SI
 800      326   0     1     0     1         8         2        1          0     -13   SII
 704      438   0     1     0     1         9         3        1          0     -13   SIII
 704      290   0     1     0     1         10        4        1          0     -13   SIV
 704      550   0     1     0     1         11        5        1          0     -13    S5
 672      214   0     1     0     1         12        6        1          0    -13    S6
 656      158   0     1     0     1         13        7        1          0    -13    S8
 368      402   1     1     1     1         14        8        1          0     15   XI
 400      346   1     1     1     1         15        9        1          0    15   XII
 432      458   1     1     0     1         16        10       1          0    15   XIII
 448      290   1     1     1     1         17        11       1          0    15   XIV
 464      570   1     1     0     1         18        12       1          0    15   X5
 464      234   1     1     1     1         19        13       1          0    15   X6
 1088     290   1     2     0     0         0         14       1          0    15   D1
 1088     458   1     2     0     0         0         15       1          0    15   D3
 512      494   0     2     0     0         0         16       1          0    -13   D4
 1040     438   0     2     0     0         0         17       1          0    -13   D5
 512      438   0     2     0     0         0         18       1          0    -13   D6
 1040     270   0     2     0     0         0         19       1          0    -13   D7
 512      550   0     2     0     0         0         20       1          0    -13   D8
 1024     402   1     2     0     0         0         21       1          0    15   D9
 1008     346   1     2     0     0         0         22       1          0    15   D11
 912      458   1     2     0     0         0         23       1          0    15   D13
 912      290   1     2     0     0         0         24       1          0    15   D15
 832      234   1     2     0     0         0         25       1          0    15   D17
 688      606   0     2     0     0         0         26       1          0    -13   D19
 576      234   1     2     0     0         0         27       1          0     15   D21
 592      178   1     2     0     0         0         28       1          0     15   D23
 528      214   0     2     0     0         0         29       1          0    -13   D25
 640      570   1     2     0     0         0         30       1          0     15   D27
 592      458   1     2     0     0         0         31       1          0     15   D29
 272      382   0     2     0     0         0         32       1          0    -13   D2
 1086     336   1     0     0     0         0         33        0         1     5    SDZA
 1075     389   1     0     0     0         0         34        0         1     5    SNDZA
 233      396   1     0     0     0         0         35        0         1     5    XDZA
 218      340   1     0     0     0         0         36        0         1     5    XNDZA
  427     350   0     0     0     0         0         37        0         1      5   BA
#Wu Dian Lu Qu Duan Data
 6 
#X1      Y1        X2        Y2
  448      504       464       504 
  304      448       320       448 
  752      616       768       616 
  720      168       736       168 
  896      224       912       224 
  608      616       624       616 
#Wu Cha Qu Duan Data
 30 
#X1      Y1    X2    Y2    INDEX X     Y     HIDABLE   CANQGJCommandID NAME
 912      280   1040  280   29    972	278  1          1     142      1/23WG
 1088     448   1136  448   30    1112  451  1          1     143      IIIAG
 1088     280   1152  280   31    1114	280  1          1     144      IVAG
 912      448   1040  448   32    972	451  1          1     145      5/19WG
 160      392   240   392   33    208   395  1          1     146      IBG
 464      504   512   504   34    476   502  1          0     0        D4G
 832      224   896   224   35    868   225  1          0     0        D17G
 624      616   688   616   36    660   614  1          0     0        D19G
 368      392   720   392   37    556   390  1          0     0        IG
 400      336   800   336   38    588   334  1          0     0        IIG
 592      448   704   448   39    638   446  1          0     0        IIIG1
 448      280   704   280   40    560   278  1          0     0        IVG1
 432      448   512   448   41    472	446  1          0     0        IIIG2
 640      560   704   560   42    660   563  1          0     0        5G1
 576      224   672   224   43    612   225  1          0     0        6G1
 464      560   512   560   44    476   563  1          0     0        5G2
 592      168   656   168   45    616	170  1          0     0        8G
 464      224   528   224   46    484   227  1          0     0        6G2
 1168     392   1232  392   47    1194  395  1          0     0        X1JG
 1184     448   1232  448   48    1208  453  1          0     0        XJ1JG
 1104     392   1168  392   49    1130  395  1          0     0        X2JG
 1136     448   1184  448   50    1160  453  1          0     0        XJ2JG
 1168     336   1232  336   51    1200  335  1          0     0        XN2LQ
 1200     280   1232  280   52    1212  280  1          0     0        XJN2LQ
 1104     336   1168  336   53    1136	335  1          0     0        XN1LQ
 1152     280   1200  280   54    1172	280  1          0     0        XJN1LQ
 64       336   112   336   55    92	334  1          0     0        S1JG
 112      336   160   336   56    140	334  1          0     0        S2JG
 64       392   112   392   57    88	395  1          0     0        SN2LQ
 112      392   160   392   58    136	395  1          0     0        SN1LQ
#Jue Yuan Jie Data
 80 
#TYPE    X0        Y0        X1        Y1        X2        Y2
  0        242       362       237       367       237       367 
  0        272       389       272       396       272       396 
  0        272       333       272       340       272       340 
  0        302       362       307       367       307       367 
  2        320       445       320       452       323       452 
  0        338       418       333       423       333       423 
  1        384       277       384       284       384       284 
  0        368       445       368       452       368       452 
  0        1054      306       1059      311       1059      311 
  0        1058      418       1053      423       1053      423 
  0        1008      333       1008      340       1008      340 
  0        1024      389       1024      396       1024      396 
  0        972       364       980       364       980       364 
  0        944       389       944       396       944       396 
  0        894       418       899       423       899       423 
  0        928       333       928       340       928       340 
  0        882       306       877       311       877       311 
  0        750       418       755       423       755       423 
  0        848       445       848       452       848       452 
  1        784       445       784       452       784       452 
  0        832       277       832       284       832       284 
  0        780       252       788       252       788       252 
  2        752       620       752       613       749       613 
  0        718       586       723       591       723       591 
  0        752       221       752       228       752       228 
  2        720       172       720       165       717       165 
  0        706       194       701       199       701       199 
  1        560       501       560       508       560       508 
  0        558       474       563       479       563       479 
  0        912       277       912       284       912       284 
  0        1040      277       1040      284       1040      284 
  0        1088      445       1088      452       1088      452 
  0        1088      277       1088      284       1088      284 
  0        912       445       912       452       912       452 
  0        1040      445       1040      452       1040      452 
  0        240       389       240       396       240       396 
  2        464       501       464       508       467       508 
  0        512       501       512       508       512       508 
  0        832       221       832       228       832       228 
  2        896       228       896       221       893       221 
  2        624       613       624       620       627       620 
  0        688       613       688       620       688       620 
  0        368       389       368       396       368       396 
  0        720       389       720       396       720       396 
  0        400       333       400       340       400       340 
  0        800       333       800       340       800       340 
  0        592       445       592       452       592       452 
  0        704       445       704       452       704       452 
  0        448       277       448       284       448       284 
  0        704       277       704       284       704       284 
  0        432       445       432       452       432       452 
  0        512       445       512       452       512       452 
  0        640       557       640       564       640       564 
  0        704       557       704       564       704       564 
  0        576       221       576       228       576       228 
  0        672       221       672       228       672       228 
  0        464       557       464       564       464       564 
  0        512       557       512       564       512       564 
  0        592       165       592       172       592       172 
  0        656       165       656       172       656       172 
  0        464       221       464       228       464       228 
  0        528       221       528       228       528       228 
  0        1232      389       1232      396       1232      396 
  0        1232      445       1232      452       1232      452 
  0        1104      389       1104      396       1104      396 
  0        1168      389       1168      396       1168      396 
  0        1136      445       1136      452       1136      452 
  0        1184      445       1184      452       1184      452 
  0        1232      333       1232      340       1232      340 
  0        1232      277       1232      284       1232      284 
  0        1104      333       1104      340       1104      340 
  0        1168      333       1168      340       1168      340 
  0        1152      277       1152      284       1152      284 
  0        1200      277       1200      284       1200      284 
  0        64        333       64        340       64        340 
  0        112       333       112       340       112       340 
  0        160       333       160       340       160       340 
  0        64        389       64        396       64        396 
  0        112       389       112       396       112       396 
  0        160       389       160       396       160       396 
#Jin Tou Xian Data
 0 
#X   Y     TYPE  DIR
#Ping Mu Han Zi Data
 1 
#X            Y             HIDABLE       TEXT
 350          125           0             蓟县西站
#An Niu Data
 92 
 87
#X       Y     TYPE  CommandID Relate1   Relate2   deltaXdeltaYSHOW  HIDABLE   NAME
 1144     451  0X01   28        1         0        -12   -17    0     1        XJLA
 1112     397  0X01   29        2         0        -8    -17    0     1        XLA
 1108     320  0X01   30        3         0        -12   -17    0     1        XNLA
 1156     264  0X01   31        4         0        -16   -17    0     1        XJNLA
 140      397  0X01   32        5         0        -12   -17    0     1        SNLA
 140      322  0X01   33        6         0        -8    -17    0     1        SLA
 700      376  0X01   34        7         0        -12   -17    0     1        SILA
 780      320  0X01   35        8         0        -16   -17    0     1        SIILA
 684      432  0X01   36        9         0        -20   -17    0     1        SIIILA
 684      264  0X01   37        10        0        -16   -17    0     1        SIVLA
 684      544  0X01   38        11        0        -12   -17    0     1        S5LA
 652      208  0X01   39        12        0        -12   -17    0     1        S6LA
 640      154  0X01   40        13        0        -12   -17    0     1        S8LA
 376      397  0X01   41        14        0        -12   -17    0     1        XILA
 408      341  0X01   42        15        0        -16   -17    0     1        XIILA
 440      453  0X01   43        16        0        -20   -17    0     1        XIIILA
 456      285  0X01   44        17        0        -16   -17    0     1        XIVLA
 472      565  0X01   45        18        0        -12   -17    0     1        X5LA
 472      229  0X01   46        19        0        -12   -17    0     1        X6LA
 1128     397  0X01   47        2         0        -8    -17    0     1        XTA
 1124     320  0X01   48        3         0        -12   -17    0     1        XNTA
 124      397  0X01   49        5         0        -12   -17    0     1        SNTA
 124      322  0X01   50        6         0        -8    -17    0     1        STA
 1168     451  0X21   51        1         0        -12   -17    0     1        XJYA
 1152     397  0X21   52        2         0        -8    -17    0     1        XYA
 1148     320  0X21   53        3         0        -12   -17    0     1        XNYA
 1180     264  0X21   54        4         0        -16   -17    0     1        XJNYA
 100      397  0X21   55        5         0        -12   -17    0     1        SNYA
 100      322  0X21   56        6         0        -8    -17    0     1        SYA
 684      376  0X02   57        1         0        -12   -17    0     0        SIDA
 764      320  0X02   58        2         0        -16   -17    0     0        SIIDA
 668      432  0X02   59        3         0        -20   -17    0     0        SIIIDA
 668      264  0X02   60        4         0        -16   -17    0     0        SIVDA
 668      544  0X02   61        5         0        -12   -17    0     0        S5DA
 636      208  0X02   62        6         0        -12   -17    0     0        S6DA
 624      154  0X02   63        7         0        -12   -17    0     0        S8DA
 392      397  0X02   64        8         0        -12   -17    0     0        XIDA
 424      341  0X02   65        9         0        -16   -17    0     0        XIIDA
 456      453  0X02   66        10        0        -20   -17    0     0        XIIIDA
 472      285  0X02   67        11        0        -16   -17    0     0        XIVDA
 488      565  0X02   68        12        0        -12   -17    0     0        X5DA
 488      229  0X02   69        13        0        -12   -17    0     0        X6DA
 1096     285  0X02   70        14        0        -8    -17    0     0        D1A
 1096     453  0X02   71        15        0        -8    -17    0     0        D3A
 496      490  0X02   72        16        0        -8    -17    0     0        D4A
 1024     434  0X02   73        17        0        -8    -17    0     0        D5A
 492      432  0X02   74        18        0        -8    -17    0     0        D6A
 1020     264  0X02   75        19        0        -8    -17    0     0        D7A
 496      546  0X02   76        20        0        -8    -17    0     0        D8A
 1032     397  0X02   77        21        0        -8    -17    0     0        D9A
 1012     339  0X02   78        22        0        -12   -17    0     0        D11A
 916      451  0X02   79        23        0        -12   -17    0     0        D13A
 916      283  0X02   80        24        0        -12   -17    0     0        D15A
 836      227  0X02   81        25        0        -12   -17    0     0        D17A
 668      600  0X02   82        26        0        -12   -17    0     0        D19A
 584      229  0X02   83        27        0        -12   -17    0     0        D21A
 596      171  0X02   84        28        0        -12   -17    0     0        D23A
 508      208  0X02   85        29        0        -12   -17    0     0        D25A
 648      565  0X02   86        30        0        -12   -17    0     0        D27A
 596      451  0X02   87        31        0        -12   -17    0     0        D29A
 252      376  0X02   88        32        0        -8    -17    0     0        D2A
 1086     336  0X02   89        33         0         4     -5    1     1        SDZA
 1075     389  0X02   90       34        0         4     -5    1     1        SNDZA
 233      396  0X02   91        35         0         4     -5    1     1        XDZA
 218      340  0X02   92        36         0         4     -5    1     1        XNDZA
  427     350  0X02   147       37         0         4    -5     1     1        BA
 729      34   0x03   93        1         2         4    -8    1     0         1/3
 779      34   0x03   94        3         4         4    -8    1     0         5/7
 829      34   0x03   95        5         6         4    -8    1     0         9/11
 879      34   0x03   96        7         8         4    -8    1     0         13/15
 729      84   0x03   97        9         10        4    -8    1     0         17/19
 779      84   0x03   98        11        12        4    -8    1     0         21/23
 829      84   0x03   99        13        14        4    -8    1     0         25/27
 879      84   0x03   100       15        0         4    -8    1     0         29
 729      134   0x03   101       16        17        4    -8    1     0         31/33
 779      134   0x03   102       18        19        4    -8    1     0         35/37
 829      134  0x03   103       20        21        4    -8    1     0         39/41
 879      134  0x03   104       22        23        4    -8    1     0         43/45
 729      184  0x03   105       24        0         4    -8    1     0         47
 779      184  0x03   106       25        0         4    -8    1     0         49
 829      184  0x03   107       26        27        4    -8    1     0         51/53
 39       34   0x03   108       28        29        4    -8    1     0         2/4
 89       34   0x03   109       30        31        4    -8    1     0         6/8
 139      34   0x03   110       32        0         4    -8    1     0         10
 189      34   0x03   111       33        34        4    -8    1     0         12/14
 39       84   0x03   112       35        0         4    -8    1     0         16
 89       84   0x03   113       36        0         4    -8    1     0         18
#Dao Cha An Niu Data
 36 
#X            Y             TEXT          QD_INDEX      CommandID     QDNAME
 1068          268          1              1             114          1DG        
 1036          341          3              2             115          3DG        
 1068          453          5              3             116          5DG        
 1036          380          7              4             117          7DG        
 988           324          9              5             118          9_15DG     
 952           397          11             6             119          11_13DG    
 984           397          13             6             119          11_13DG    
 952           324          15             5             118          9_15DG     
 904           380          17             7             120          17_25DG    
 872           453          19             8             121          19DG       
 888           341          21             9             122          21DG       
 856           268          23             10            123          23DG       
 760           380          25             7             120          17_25DG    
 728           453          27             11            124          27DG       
 824           436          29             12            125          29_39DG    
 792           212          31             13            126          31_37DG    
 760           285          33             14            127          33_35DG    
 792           285          35             14            127          33_35DG    
 760           212          37             13            126          31_37DG    
 728           548          39             12            125          29_39DG    
 696           621          41             15            128          41DG       
 712           229          43             16            129          43DG       
 680           156          45             17            130          45DG       
 536           229          47             18            131          47DG       
 600           565          49             19            132          49DG       
 568           436          51             20            133          51DG       
 536           509          53             21            134          53DG       
 220           324          2              22            135          2DG        
 252           397          4              23            136          4DG        
 284           397          6              24            137          6_12DG     
 316           324          8              25            138          8_10DG     
 344           341          10             25            138          8_10DG     
 312           380          12             24            137          6_12DG     
 344           453          14             26            139          14DG       
 392           285          16             27            140          16DG       
 376           436          18             28            141          18DG       
#Fang Hu Dao Cha Data
0    0
 0 
#INDEX        QD_INDEX      FHDIR
#Qu Duan Map Data
 28 
#Index       iPrDC
 1             0 
 2             1 
 3             2 
 4             3 
 5             4 
 6             5 
 7             8 
 8             9 
 9             10 
 10            11 
 11            13 
 12            14 
 13            15 
 14            16 
 15            20 
 16            21 
 17            22 
 18            23 
 19            24 
 20            25 
 21            26 
 22            27 
 23            28 
 24            29 
 25            30 
 26            33 
 27            34 
 28            35 
#Dao Cha Jiao Cha Huan Wei Data
 4 
#DC1           DWZG1         DC2         DWZG2
 4             1             7             1 
 5             1             6             1 
 15            1             18            1 
 16            1             17            1
#Biao Shi Deng Data
 3
#Type X  Y  Dir Index Xt  Yt Hiable Text
 100  560  670  0     0   565   690   0 非常站控
 100  660  670  0     1   665   690   0 允许转为自律
 100  760  670  0     2   765   690   0 自律模式
#10   885   610  0     2   890   625   0    XJJQD
#11   945	 610  0     2   950	  625   0    XJFZD
#10   885   550  0    8    890   565   0    XNJQD
#11   945	 550  0    8    950	  560   0    XNFZD
#10   1005	 610  0    5    1010	625   0    XJQD
#11   1065  610  0    5    1070  625   0    XFZD
#10   1005	 550  0    11   1010	565   0    XJNJQD
#11   1065  550  0    11   1070  565   0    XJNFZD
#10   245   630  0    14   245   645   0    SNJQD
#11   305   630  0    14   305   645   0    SNFZD
#10   245   560  0    17   245   575   0    SJQD
#11   305   560  0    17   305   575   0    SFZD
#Zi Mian Ban Pan Kuang Data
 0 
#Left  Top  Right  Botton
#Qian Fen Zhi Liu Data
 0 
#Dir          X             Y
#Fang Xiang Biao Data
 0 
#X  Y  Type
#Station Name Image
 0 
#X  Y  Name
# The End #
