#Password
 123 
#Xscale       Yscale
 16            28 
#Dao Cha Data
 36 
#X0      Y0    +XA   +YA   +XB   +YB   +XC   +YC   INDEX A_Link    B_Link    C_Link    TYPE      NAME
 208      532  -16    0     32    0     16   -28    1     0         0         0        0         DC1         
 240      476   32    0    -64    0    -16    28    2     0         0         0        0         DC3         
 208      364  -16    0     32    0     16    28    3     0         0         0        0         DC5         
 240      420   16    0    -64    0    -16   -28    4     0         0         0        0         DC7         
 288      476  -16    0     16    0     16   -28    5     8         0         0        0         DC9         
 320      420   16    0    -16    0    -16    28    6     7         0         0        0         DC11        
 288      420  -32    0     16    0     16    28    7     0         0         0        0         DC13        
 320      476   32    0    -16    0    -16   -28    8     0         0         0        0         DC15        
 368      420  -32    0     64    0     16   -28    9     0         13        0        0         DC17        
 400      364   32    0    -32    0    -16    28    10    0         0         0        0         DC19        
 384      476  -32    0     96    0     16    28    11    0         0         0        0         DC21        
 416      532   32    0    -48    0    -16   -28    12    0         0         0        0         DC23        
 512      420  -80    0     48    0     16   -28    13    0         0         0        0         DC25        
 544      364   32    0    -48    0    -16    28    14    0         0         0        0         DC27        
 448      364  -16    0     48    0     80   -112   15    0         0         20       0         DC29        
 480      588  -32    0     16    0     16   -28    16    19        0         0        0         DC31        
 512      532   64    0    -16    0    -16    28    17    18        0         0        0         DC33        
 480      532  -32    0     16    0     16    28    18    0         0         0        0         DC35        
 512      588   16    0    -16    0    -16   -28    19    0         0         0        0         DC37        
 544      252  -16    0     32    0     16   -28    20    0         0         0        0         DC39        
 576      196   16    0    -48    0    -16    28    21    0         0         0        0         DC41
 560      588  -32    0     48    0     16    28    22    0         0         0        0         DC43        
 592      644   32    0    -32    0    -16   -28    23    0         0         0        0         DC45        
 736      588   16    0    -32    0    -48    56    24    0         0         0        0         DC47        
 672      252  -32    0     96    0     48    56    25    0         0         0        0         DC49        
 704      364  -16    0     64    0     16   -28    26    0         0         0        0         DC51        
 736      308   32    0    -16    0    -16    28    27    0         0         0        0         DC53        
 1056     476   64    0    -48    0    -16   -28    28    0         0         0        0         DC2         
 1024     420  -16    0     16    0     16    28    29    0         0         0        0         DC4         
 992      420   16    0    -16    0    -16    28    30    0         33        0        0         DC6         
 960      476  -16    0     48    0     16   -28    31    32        0         0        0         DC8         
 928      476   16    0    -48    0    -32    56    32    0         0         0        0         DC10        
 960      420   16    0    -48    0    -16   -28    33    0         0         0        0         DC12        
 928      364  -16    0     32    0     16    28    34    0         0         0        0         DC14        
 880      532   16    0    -48    0    -64    56    35    0         0         0        0         DC16        
 896      364   16    0    -48    0    -80   -112   36    0         0         0        0         DC18        
#Xin Hao Data
 43
#X0      Y0    DIR   TYPE  HIGH  FORBIDCLR LX_INDEX  DX_INDEX  HIDABLE   T_DX  T_DY  NAME
 144      354   0     1     1     1         1         0        1          0    -13   XJ
 176      410   0     1     1     1         2         0        1          0    -13   X
 176      486   0     1     1     1         3         0        1          0     15   XN
 128      542   0     1     1     1         4         0        1          0     15   XJN
 1120     410   1     1     1     1         5         0        1          0    -13   SN
 1120     486   1     1     1     1         6         0        1          0     15   S
 560      430   1     1     0     1         7         1        1          0     15   SI
 480      486   1     1     0     1         8         2        1          0     15   SII
 576      374   1     1     0     1         9         3        1          0     15   SIII
 576      542   1     1     0     1         10        4        1          0     15   SIV
 576      262   1     1     0     1         11        5        1          0     15   S5
 608      598   1     1     0     1         12        6        1          0     15   S6
 624      654   1     1     0     1         13        7        1          0     15   S8
 912      410   0     1     1     1         14        8        1          0    -13   XI
 880      466   0     1     1     1         15        9        1          0    -13   XII
 848      354   0     1     0     1         16        10       1          0    -13   XIII
 832      522   0     1     1     1         17        11       1          0    -13   XIV
 816      242   0     1     0     1         18        12       1          0    -13   X5
 816      578   0     1     1     1         19        13       1          0    -13   X6
 192      522   0     2     0     0         0         14       1          0    -13   D1
 192      354   0     2     0     0         0         15       1          0    -13   D3
 768      318   1     2     0     0         0         16       1          0     15   D4
 240      374   1     2     0     0         0         17       1          0     15   D5
 768      374   1     2     0     0         0         18       1          0     15   D6
 240      542   1     2     0     0         0         19       1          0     15   D7
 768      262   1     2     0     0         0         20       1          0     15   D8
 256      410   0     2     0     0         0         21       1          0    -13   D9
 272      466   0     2     0     0         0         22       1          0    -13   D11
 368      354   0     2     0     0         0         23       1          0    -13   D13
 368      522   0     2     0     0         0         24       1          0    -13   D15
 448      578   0     2     0     0         0         25       1          0    -13   D17
 592      206   1     2     0     0         0         26       1          0     15   D19
 704      578   0     2     0     0         0         27       1          0    -13   D21
 688      634   0     2     0     0         0         28       1          0    -13   D23
 752      598   1     2     0     0         0         29       1          0     15   D25
 640      242   0     2     0     0         0         30       1          0    -13   D27
 688      354   0     2     0     0         0         31       1          0    -13   D29
 1008     430   1     2     0     0         0         32       1          0     15   D2
 200      462   0     0     0     0         0         33        0         4     -5   SDZA
 215      406   0     0     0     0         0         34        0         4     -5   SNDZA
 1062     406   0     0     0     0         0         35        0         4     -5   XDZA
 1080     462   0     0     0     0         0         36        0         4     -5   XNDZA
  427     350   0     0     0     0         0         37        0         4     -5   BA
#Wu Dian Lu Qu Duan Data
 6
#X1      Y1        X2        Y2
 512      196       528       196
 544      644       560       644
 368      588       384       588
 656      196       672       196
 816      308       832       308
 960      364       976       364 
#Wu Cha Qu Duan Data
 30 
#X1      Y1    X2    Y2    INDEX X     Y     HIDABLE   CANQGJCommandID NAME
 240      532   368   532   29    280   520  1          1     142      1/23WG
 144      364   192   364   30    148   367  1          1     143      IIIAG
 128      532   192   532   31    144   520  1          1     144      IVAG
 240      364   368   364   32    280   352  1          1     145      5/19WG
 1040     420   1120  420   33    1068  423  1          1     146      IBG
 768      308   816   308   34    780   296  1          0     0        D4G
 384      588   448   588   35    400   576  1          0     0        D17G
 592      196   656   196   36    608   184  1          0     0        D19G
 560      420   912   420   37    728   408  1          0     0        IG
 480      476   880   476   38    668   464  1          0     0        IIG
 576      364   688   364   39    612   352  1          0     0        IIIG1
 576      532   832   532   40    688   520  1          0     0        IVG1
 768      364   848   364   41    778   352  1          0     0        IIIG2
 576      252   640   252   42    596   240  1          0     0        5G1
 608      588   704   588   43    644   576  1          0     0        6G1
 768      252   816   252   44    780   255  1          0     0        5G2
 624      644   688   644   45    648   632  1          0     0        8G
 752      588   816   588   46    772   591  1          0     0        6G2
 48       420   112   420   47    64    423  1          0     0        X1JG
 48       364   96    364   48    52    367  1          0     0        XJ1JG
 112      420   176   420   49    128   423  1          0     0        X2JG
 96       364   144   364   50    100   367  1          0     0        XJ2JG
 48       476   112   476   51    60    464  1          0     0        S2LQ
 48       532   80    532   52    40    520  1          0     0        XJ2LQ
 112      476   176   476   53    124   464  1          0     0        S1LQ
 80       532   128   532   54    80    520  1          0     0        XJ1LQ
 1168     476   1216  476   55    1176  464  1          0     0        S1JG
 1120     476   1168  476   56    1128  464  1          0     0        S2JG
 1168     420   1216  420   57    1172  423  1          0     0        X2LQ
 1120     420   1168  420   58    1124  423  1          0     0        X1LQ
#Jue Yuan Jie Data
 80 
#TYPE    X0        Y0        X1        Y1        X2        Y2
 0        222       502       227       507       227       507 
 0        226       390       221       395       221       395 
 0        272       473       272       480       272       480
 0        256       417       256       424       256       424 
 0        300       448       308       448       308       448 
 0        336       417       336       424       336       424 
 0        382       390       387       395       387       395 
 0        352       473       352       480       352       480 
 0        402       502       397       507       397       507 
 0        526       390       531       395       531       395 
 0        432       361       432       368       432       368 
 1        496       361       496       368       496       368 
 0        448       529       448       536       448       536 
 0        492       560       500       560       500       560 
 2        528       193       528       200       531       200 
 0        558       222       563       227       563       227 
 0        528       585       528       592       528       592
 2        560       641       560       648       563       648 
 0        578       614       573       619       573       619 
 1        720       305       720       312       720       312 
 0        718       334       723       339       723       339 
 0        1042      446       1037      451       1037      451 
 0        1008      417       1008      424       1008      424
 0        1008      473       1008      480       1008      480 
 0        974       446       979       451       979       451 
 2        960       368       960       361       957       361 
 0        946       390       941       395       941       395 
 1        896       529       896       536       896       536 
 0        912       361       912       368       912       368 
 0        240       529       240       536       240       536 
 0        368       529       368       536       368       536 
 0        192       361       192       368       192       368 
 0        192       529       192       536       192       536 
 0        240       361       240       368       240       368 
 0        368       361       368       368       368       368 
 0        1040      417       1040      424       1040      424 
 0        768       305       768       312       768       312
 2        816       312       816       305       813       305 
 2        384       585       384       592       387       592 
 0        448       585       448       592       448       592 
 0        592       193       592       200       592       200 
 2        656       200       656       193       653       193 
 0        560       417       560       424       560       424
 0        912       417       912       424       912       424 
 0        480       473       480       480       480       480 
 0        880       473       880       480       880       480 
 0        576       361       576       368       576       368 
 0        688       361       688       368       688       368 
 0        576       529       576       536       576       536 
 0        832       529       832       536       832       536 
 0        768       361       768       368       768       368 
 0        848       361       848       368       848       368 
 0        576       249       576       256       576       256 
 0        640       249       640       256       640       256 
 0        608       585       608       592       608       592 
 0        704       585       704       592       704       592 
 0        768       249       768       256       768       256
 0        816       249       816       256       816       256 
 0        624       641       624       648       624       648 
 0        688       641       688       648       688       648 
 0        752       585       752       592       752       592 
 0        816       585       816       592       816       592 
 0        48        417       48        424       48        424
 0        48        361       48        368       48        368 
 0        112       417       112       424       112       424 
 0        176       417       176       424       176       424 
 0        96        361       96        368       96        368 
 0        144       361       144       368       144       368 
 0        48        473       48        480       48        480 
 0        48        529       48        536       48        536 
 0        112       473       112       480       112       480 
 0        176       473       176       480       176       480 
 0        80        529       80        536       80        536 
 0        128       529       128       536       128       536
 0        1216      473       1216      480       1216      480 
 0        1120      473       1120      480       1120      480 
 0        1168      473       1168      480       1168      480
 0        1216      417       1216      424       1216      424 
 0        1120      417       1120      424       1120      424 
 0        1168      417       1168      424       1168      424 
#Jin Tou Xian Data
 0 
#X   Y     TYPE  DIR
#Ping Mu Han Zi Data
 1 
#X            Y             HIDABLE       TEXT
580           40           0             蓟县西站
#An Niu Data
 92 
 87
#X       Y     TYPE  CommandID Relate1   Relate2   deltaXdeltaYSHOW  HIDABLE   NAME
 128      350  0X01   28        1         0        -12   -17    0     1        XJLA
 160      406  0X01   29        2         0        -8    -17    0     1        XLA
 160      479  0X01   30        3         0        -12   -17    0     1        XNLA
 112      535  0X01   31        4         0        -16   -17    0     1        XJNLA
 1124     406  0X01   32        5         0        -12   -17    0     1        SNLA
 1124     479  0X01   33        6         0        -8    -17    0     1        SLA
 564      423  0X01   34        7         0        -12   -17    0     1        SILA
 484      479  0X01   35        8         0        -16   -17    0     1        SIILA
 580      367  0X01   36        9         0        -20   -17    0     1        SIIILA
 580      535  0X01   37        10        0        -16   -17    0     1        SIVLA
 580      255  0X01   38        11        0        -12   -17    0     1        S5LA
 612      591  0X01   39        12        0        -12   -17    0     1        S6LA
 628      647  0X01   40        13        0        -12   -17    0     1        S8LA
 896      406  0X01   41        14        0        -12   -17    0     1        XILA
 864      462  0X01   42        15        0        -16   -17    0     1        XIILA
 832      350  0X01   43        16        0        -20   -17    0     1        XIIILA
 816      518  0X01   44        17        0        -16   -17    0     1        XIVLA
 800      238  0X01   45        18        0        -12   -17    0     1        X5LA
 800      574  0X01   46        19        0        -12   -17    0     1        X6LA
 144      406  0X01   47        2         0        -8    -17    0     1        XTA
 144      479  0X01   48        3         0        -12   -17    0     1        XNTA
 1140     406  0X01   49        5         0        -12   -17    0     1        SNTA
 1140     479  0X01   50        6         0        -8    -17    0     1        STA
 104      350  0X21   51        1         0        -12   -17    0     1        XJYA
 120      406  0X21   52        2         0        -8    -17    0     1        XYA
 120      479  0X21   53        3         0        -12   -17    0     1        XNYA
 88       535  0X21   54        4         0        -16   -17    0     1        XJNYA
 1164     406  0X21   55        5         0        -12   -17    0     1        SNYA
 1164     479  0X21   56        6         0        -8    -17    0     1        SYA
 580      423  0X02   57        1         0        -12   -17    0     0        SIDA
 500      479  0X02   58        2         0        -16   -17    0     0        SIIDA
 596      367  0X02   59        3         0        -20   -17    0     0        SIIIDA
 596      535  0X02   60        4         0        -16   -17    0     0        SIVDA
 596      255  0X02   61        5         0        -12   -17    0     0        S5DA
 628      591  0X02   62        6         0        -12   -17    0     0        S6DA
 644      647  0X02   63        7         0        -12   -17    0     0        S8DA
 880      406  0X02   64        8         0        -12   -17    0     0        XIDA
 848      462  0X02   65        9         0        -16   -17    0     0        XIIDA
 816      350  0X02   66        10        0        -20   -17    0     0        XIIIDA
 800      518  0X02   67        11        0        -16   -17    0     0        XIVDA
 784      238  0X02   68        12        0        -12   -17    0     0        X5DA
 784      574  0X02   69        13        0        -12   -17    0     0        X6DA
 176      518  0X02   70        14        0        -8    -17    0     0        D1A
 176      350  0X02   71        15        0        -8    -17    0     0        D3A
 772      311  0X02   72        16        0        -8    -17    0     0        D4A
 244      367  0X02   73        17        0        -8    -17    0     0        D5A
 772      367  0X02   74        18        0        -8    -17    0     0        D6A
 244      535  0X02   75        19        0        -8    -17    0     0        D7A
 772      255  0X02   76        20        0        -8    -17    0     0        D8A
 240      406  0X02   77        21        0        -8    -17    0     0        D9A
 256      462  0X02   78        22        0        -12   -17    0     0        D11A
 352      350  0X02   79        23        0        -12   -17    0     0        D13A
 352      518  0X02   80        24        0        -12   -17    0     0        D15A
 432      574  0X02   81        25        0        -12   -17    0     0        D17A
 596      199  0X02   82        26        0        -12   -17    0     0        D19A
 688      574  0X02   83        27        0        -12   -17    0     0        D21A
 672      630  0X02   84        28        0        -12   -17    0     0        D23A
 756      591  0X02   85        29        0        -12   -17    0     0        D25A
 624      238  0X02   86        30        0        -12   -17    0     0        D27A
 672      350  0X02   87        31        0        -12   -17    0     0        D29A
 1012     423  0X02   88        32        0        -8    -17    0     0        D2A
 200      462  0X02   89        33        0         4    -5     1     1        SDZA
 215      406  0X02   90        34        0         4    -5     1     1        SNDZA
 1062     406  0X02   91        35        0         4    -5     1     1        XDZA
 1080     462  0X02   92        36        0         4    -5     1     1        XNDZA
  427     350  0X02   147       37        0         4    -5     1     1        BA
 32       36   0x03   93        1         2         4    -8    1     0         1/3
 82       36   0x03   94        3         4         4    -8    1     0         5/7
 132      36   0x03   95        5         6         4    -8    1     0         9/11
 182      36   0x03   96        7         8         4    -8    1     0         13/15
 232      36   0x03   97        9         10        4    -8    1     0         17/19
 32       86   0x03   98        11        12        4    -8    1     0         21/23
 82       86   0x03   99        13        14        4    -8    1     0         25/27
 132      86   0x03   100       15        0         4    -8    1     0         29
 182      86   0x03   101       16        17        4    -8    1     0         31/33
 232      86   0x03   102       18        19        4    -8    1     0         35/37
 32       136  0x03   103       20        21        4    -8    1     0         39/41
 82       136  0x03   104       22        23        4    -8    1     0         43/45
 132      136  0x03   105       24        0         4    -8    1     0         47
 182      136  0x03   106       25        0         4    -8    1     0         49
 232      136  0x03   107       26        27        4    -8    1     0         51/53
 986      38   0x03   108       28        29        4    -8    1     0         2/4
 1036     38   0x03   109       30        31        4    -8    1     0         6/8
 1086     38   0x03   110       32        0         4    -8    1     0         10
 1136     38   0x03   111       33        34        4    -8    1     0         12/14
 1186     38   0x03   112       35        0         4    -8    1     0         16
 1236     38   0x03   113       36        0         4    -8    1     0         18
#Dao Cha An Niu Data
 36 
#X            Y             TEXT          QD_INDEX      CommandID     QDNAME
 204           537          1              1             114          1DG        
 236           464          3              2             115          3DG        
 204           352          5              3             116          5DG        
 236           425          7              4             117          7DG        
 284           481          9              5             118          9_15DG     
 312           408          11             6             119          11_13DG    
 280           408          13             6             119          11_13DG    
 312           481          15             5             118          9_15DG     
 360           425          17             7             120          17_25DG    
 392           352          19             8             121          19DG       
 376           464          21             9             122          21DG       
 408           537          23             10            123          23DG       
 504           425          25             7             120          17_25DG    
 536           352          27             11            124          27DG       
 440           369          29             12            125          29_39DG    
 472           593          31             13            126          31_37DG    
 504           520          33             14            127          33_35DG    
 472           520          35             14            127          33_35DG    
 504           593          37             13            126          31_37DG    
 536           257          39             12            125          29_39DG    
 568           184          41             15            128          41DG       
 552           576          43             16            129          43DG       
 584           649          45             17            130          45DG       
 728           576          47             18            131          47DG       
 664           240          49             19            132          49DG       
 696           369          51             20            133          51DG       
 728           296          53             21            134          53DG       
 1052          481          2              22            135          2DG        
 1020          408          4              23            136          4DG        
 988           408          6              24            137          6_12DG     
 956           481          8              25            138          8_10DG     
 920           464          10             25            138          8_10DG     
 952           425          12             24            137          6_12DG     
 920           352          14             26            139          14DG       
 872           520          16             27            140          16DG       
 888           369          18             28            141          18DG       
#Fang Hu Dao Cha Data
0    0
 0 
#INDEX        QD_INDEX      FHDIR
#Qu Duan Map Data
 28 
#Index       iPrDC
 1             0 
 2             1 
 3             2 
 4             3 
 5             4 
 6             5 
 7             8 
 8             9 
 9             10 
 10            11 
 11            13 
 12            14 
 13            15 
 14            16 
 15            20 
 16            21 
 17            22 
 18            23 
 19            24 
 20            25 
 21            26 
 22            27 
 23            28 
 24            29 
 25            30 
 26            33 
 27            34 
 28            35 
#Dao Cha Jiao Cha Huan Wei Data
 4 
#DC1           DWZG1         DC2         DWZG2
 4             1             7             1 
 5             1             6             1 
 15            1             18            1 
 16            1             17            1 
#Biao Shi Deng Data
 21
#Type X  Y  Dir Index Xt  Yt Hiable Text
 100  550  130   0     0  550  150    0    非常站控
 100  650  130   0     1  650  150    0    允许转为自律
 100  750  130   0     2  750  150    0    自律模式
10   190   680  0     2   190   695   0    XJJQD
11   250   680  0     2   250   695   0    XJFZD
10   190   620  0     5   190   635   0    XJQD
11   250   620  0     5   250   635   0    XFZD
10   310   680  0    8   310   695    0    XNJQD
11   370   680  0    8   370    695   0    XNFZD
10   310   620  0    11  310   635    0    XJNJQD
11   370   620  0    11   370   635   0    XJNFZD
10   960   680  0    14   960   695   0    SNJQD
11   1020  680  0    14  1020   695   0    SNFZD
10   960   620  0    17   960   635   0    SJQD
11   1020  620  0   17   1020   635   0    SFZD
 9   50    350  0    1    0     0    0
 9   1200  490  1    16    0     0    0
 9   50    490  0    7    0     0    0
 9   1200  405  1    13    0     0    0
 9   50    546  0    10    0     0    0
 9   50    406  0    4    0     0    0
#Zi Mian Ban Pan Kuang Data
 0 
#Left  Top  Right  Botton
#Qian Fen Zhi Liu Data
 0 
#Dir          X             Y
#Fang Xiang Biao Data
 0 
#X  Y  Type
#Station Name Image
 0 
#X  Y  Name
# The End #
